0,354
0,350
12,7
15,2
0,349
0,346
0,331
10,4
0,329
0,328
0,326
0,324
14,11
0,442
0,440
0,437
14,10
16,2
5,4
16,7
16,4
12,4
16,6
14,0
14,2
11,5
15,5
0,408
0,436
0,435
6,5
0,432
0,322
7,4
7,1
7,3
9,4
11,4
11,1
11,3
12,5
12,1
12,3
6,4
6,1
6,3
5,1
5,3
15,4
15,1
15,3
9,5
10,1
10,3
9,1
9,3
8,1
8,3
16,5
2,5
16,1
16,3
14,9
14,7
2,4
4,3
4,2
4,1
14,5
4,0
3,6
14,4
3,5
3,4
14,1
3,3
14,8
3,2
3,1
3,0
2,3
2,2
2,1
14,3
2,0
1,3
1,2
1,1
1,0
0,301
0,243
0,9
0,0
0,310
0,305
0,308
0,304
0,303
0,302
0,307
0,12
0,10
0,8
0,382
0,300
0,446
0,299
0,356
0,298
0,439
0,297
0,445
0,296
0,438
0,295
0,381
0,294
0,355
0,293
0,353
0,292
0,400
0,291
0,351
0,290
0,397
0,289
0,348
0,288
0,396
0,287
0,380
0,286
0,427
0,285
0,379
0,284
0,347
0,283
0,345
0,282
0,389
0,281
0,388
0,280
0,386
0,279
0,419
0,278
0,384
0,277
0,343
0,276
0,377
0,275
0,373
0,274
0,369
0,273
0,365
0,272
0,401
0,271
0,270
0,361
0,269
0,342
0,268
0,399
0,267
0,398
0,266
0,341
0,265
0,340
0,264
0,360
0,263
0,262
0,358
0,261
0,418
0,260
0,417
0,259
0,385
0,258
0,339
0,257
0,338
0,256
0,357
0,255
0,337
0,254
0,411
0,253
0,434
0,252
0,430
0,251
0,395
0,250
0,336
0,249
0,335
0,248
0,334
0,247
0,333
0,246
0,393
0,245
0,244
0,422
0,242
0,410
0,241
0,390
0,240
0,352
0,239
0,332
0,238
0,237
0,387
0,236
0,428
0,235
0,378
0,234
0,372
0,233
0,319
0,232
0,407
0,231
0,330
0,230
0,229
0,318
0,228
0,317
0,227
0,416
0,226
0,316
0,225
0,315
0,224
0,371
0,223
0,370
0,222
0,406
0,221
0,220
0,314
0,219
0,327
0,218
0,313
0,217
0,312
0,216
0,405
0,215
0,404
0,214
0,403
0,213
0,212
0,344
0,211
0,444
0,210
0,392
0,209
0,443
0,208
0,311
0,207
0,367
0,206
0,205
0,204
0,323
0,203
0,441
0,202
0,321
0,201
0,320
0,200
0,447
0,199
0,366
0,198
0,413
0,197
0,325
0,196
0,431
0,195
0,194
0,429
0,193
0,424
0,192
0,426
0,63
0,425
0,62
0,402
0,61
0,309
0,60
0,423
0,59
0,394
0,58
0,420
0,57
0,56
0,414
0,55
0,421
0,54
0,53
0,391
0,52
0,363
0,51
0,50
0,412
0,49
0,415
0,48
0,362
0,47
0,409
0,46
0,306
0,45
0,433
0,6
0,5
0,1
0,11
0,4
0,2
0,3
0,7
